-2.440642428142427889e+01 -6.191204150579150678e+01 -3.662557646932646804e+01
-1.150018321729571369e+01 -1.845822645657750627e+01 7.141168926346651347e+00
-1.273515009580583524e+01 1.040195869704066922e+01 9.836491377474985143e+00
-2.596036489462095176e+01 1.351368354828565543e+00 1.748977665932613945e-01
-2.047783621337340776e+01 -4.457926371149511624e+00 -8.174305033809190491e-01
-6.058956091887182538e+00 -3.044344286129688726e+01 -3.316363768537365786e+01
-2.520571804140651295e+01 -2.182254354255668716e+01 -1.364360828130135417e+01
-2.285378973105135003e+01 -4.459657701711492450e+00 -1.927041564792175876e+01
-8.339312406576979697e+00 1.146188340807174200e+01 -7.768310911808669061e+00
-1.023720630833601319e+01 -1.478097843579014636e+01 -1.010588992597361369e+01
2.479271562152618458e+01 -6.153569607009742981e+01 -3.670357679984306287e+01
1.161273313153012054e+01 -1.687569573283859370e+01 7.132701884581578611e+00
1.328660826032540854e+01 1.179995828118481427e+01 9.694201084689197501e+00
2.656743041673074401e+01 3.172689527910193874e+00 -3.935106873750555678e-01
2.127140612725844449e+01 -2.800471327572665814e+00 -9.399057344854639950e-01
2.653361847733104639e+01 -2.072027373823780749e+01 -1.379213002566295643e+01
2.327878006872852268e+01 -3.047250859106526377e+00 -1.962714776632302716e+01
8.521847690387019725e+00 1.262921348314606007e+01 -7.151061173533079796e+00
1.059584186486060275e+01 -1.421089935422901362e+01 -1.017498818711608521e+01
-2.400000000000000000e+01 6.107169117647057988e+01 -8.018014705882350768e+00
-3.828362573099415300e+01 -8.301705653021443254e+01 -9.687378167641327309e+00
-7.235571260306244312e+00 -3.535365135453474750e+01 6.944611307420495905e+01
-5.636285491013284599e+01 -1.064626204740818594e+01 1.530216202135973447e+01
-1.608917197452228720e+01 6.746300832925035706e+01 -2.090641842234205683e+00
-7.218999652657174693e+00 4.090500173671412654e+01 7.031434525877045871e+00
-6.613853286064909298e+00 1.699509135533133986e+01 3.692009817289337548e+01
-6.903283052351369520e+00 -1.128275658089322064e+01 4.151848565513161304e+01
-3.029962546816477698e+00 -3.869288389513108939e+01 3.287125468164794029e+01
-6.778857837181050172e+00 -4.948845686512758846e+01 7.967193195625753788e+00
-4.832562747688243121e+00 -8.017569352708058261e+01 2.317767503302509624e+01
-5.010501247448401330e+01 1.194964844635973122e+01 1.034565661147652804e+01
-4.532075471698113489e+01 3.002490566037735675e+01 -9.467169811320758299e+00
-5.106453291699193642e+01 3.087171480614102848e+01 4.908925318761390599e+00
-3.741621029572836932e+01 3.398989898989898961e+01 3.555470366313740271e+01
-8.976542104870588901e+00 2.906925486686060367e+01 4.609349593495934982e+01
-3.813264806656876971e+01 -6.102790014684288167e+00 -4.615761135584932617e-01
-3.760868323336189434e+01 1.003313339045988073e+01 -3.681805198514709332e+00
-3.792591901474155947e+01 -8.750177271879081786e+01 1.317521925732413024e+01
-1.448543689320388239e+01 -9.196116504854369111e+01 3.019972260748960480e+01
-3.506023115741494678e+01 -5.480758587009604810e+01 -1.814650822073905090e+01
-1.044579172610556839e+01 -7.120595577746077254e+01 -5.590763195435087596e+00
-2.277786417833074495e+01 -1.862882322446863270e+01 -2.549559357179885666e+01
-3.003506590400398579e+01 3.704140761004725846e+01 -1.860184033822432070e+01
-4.331721550646102514e+01 -6.863984993747394014e+01 4.139710990690565495e+01
-5.834863813229571861e+01 -3.693896609227348904e+01 3.464246803779877837e+01
-2.513124138662143991e+01 -6.103933001166119254e+01 6.013473974345382089e+01
-4.858950174287471668e+01 -2.414455607955710548e+01 5.488907115029732608e+01
-4.650902527075812287e+01 -5.923354623715638922e+00 4.988392113301860320e+01
-4.744057561351667118e+00 -6.016163433123473681e+01 4.595168957985352165e+01
-3.824759376037178527e+00 3.842383006969797066e+01 -2.256953202787919111e+01
-9.512651821862348811e+00 9.188259109311729844e+00 -1.351872469635627283e+01
-4.805886575735821964e+01 -1.745585068198133172e+01 8.252692031586505550e+00
-5.740031359305270797e+01 -6.355325051260408031e+00 -7.262091424436135867e+00
-4.034834938101788282e+01 8.101788170563963831e+00 -1.914099037138927173e+01
-5.804876349703936000e+01 -3.714594218042493878e+01 1.823545802856148157e+01
-5.239712649075030271e+01 -3.414959151093999878e+01 -2.550004695276551558e+01
-6.132488855061433242e+01 -2.536707622050668931e+01 -1.303696857670979625e+01
-4.239130434782608603e+01 3.276630434782609314e+01 -2.820652173913046568e+00
-4.644502617801047251e+01 2.138612565445026803e+01 1.037041884816754589e+01
-4.128420496566296549e+01 -3.415002641310090326e+01 2.114580031695720663e+01
-1.620525394045533574e+01 -1.007264448336252229e+02 -3.252539404553417057e+00
-3.174379895561357046e+01 8.307278067885107475e+00 -4.126697127937336518e+01
-1.573744292237442721e+01 -6.881050228310502348e+01 5.648401826484018784e+00
-3.852481582008530125e+01 -1.830787126793330799e+01 4.744300116324156136e+01
-1.238345195729537807e+01 -3.800533807829181399e+01 5.008852313167258785e+01
-3.056661316211878443e+01 2.156902086677368402e+01 -9.741573033707865648e+00
-4.068353598422608997e+01 -1.055208675649031136e+01 -5.048636214262245403e+00
-3.577602427921092243e+01 6.358421851289818960e+00 1.183975720789074160e+01
-4.090841889117043451e+01 -1.938110882956878811e+01 -2.837371663244353215e+01
-2.398191681735985981e+01 -8.254792043399638146e+01 -7.835443037974684444e+00
-4.030368516833485160e+01 2.601160145586896988e+01 2.143903548680619053e+01
-2.718165467625898657e+01 4.730827338129495274e+01 1.947482014388489802e+01
-2.373732985809441232e+01 2.264060237474660653e+01 4.631711555169417238e+01
-5.143337645536869474e+01 -5.452652005174644501e+01 3.714747736093143260e+01
-3.490749165908401608e+01 -5.141401273885350065e+01 4.480042462845010220e+01
-3.210608108108107928e+01 -8.594797297297296268e+01 8.371621621621628151e+00
-2.638507877664504520e+01 -8.268999073215940143e+01 2.234522706209453702e+01
-4.069396551724138078e+01 -6.857902298850575562e+01 7.744252873563212347e+00
-4.403571428571428470e+01 -5.073283858998144069e+01 -1.292068645640074465e+01
-2.807347035199622098e+01 -4.659721237892748036e+01 -1.154854712969525110e+01
-4.148406676783004343e+01 4.640364188163883341e+01 -3.493171471927155380e+00
-1.241840402588066183e+01 2.645578720345076817e+01 -1.972537742631200786e+01
-2.462609819121446719e+01 3.952894056847546267e+01 -1.642093023255814188e+01
-1.478759928260312506e+01 -6.810043556238790075e+01 2.583909812964385821e+01
-4.671945701357472558e+00 -6.470588235294115975e+00 1.541685520361990314e+01
-4.157563405797101552e+01 -3.208650362318840621e+01 4.689198369565217206e+01
-4.455552399886396131e+01 4.478557228060196849e+00 3.122181198523146861e+01
-2.908274647887323283e+01 -9.295334507042255723e+00 5.615845070422534491e+01
-6.946623794212214875e+00 4.341993569131832942e+01 -1.303086816720256991e+01
-9.712175241976567008e+00 -4.868670402445236789e+01 3.876209882832399956e+01
-5.370947488584474883e+01 -1.363698630136985912e+01 -2.720719178082191547e+01
-5.046914804362749152e+01 -4.100991533826557145e+01 7.144535123179011293e+00
-5.173712021136063299e+01 -2.249009247027741765e+01 6.129458388375169875e+00
2.225769230769230944e+01 6.228076923076923777e+01 -1.095961538461538964e+01
4.253090379008745003e+01 -7.593615160349854420e+01 -1.109825072886297903e+01
6.772246846232519601e+00 -3.382202523013978634e+01 6.933208319127174946e+01
5.669809069212411146e+01 -7.580190930787594539e+00 1.522768496420047768e+01
1.684626234132581146e+01 6.788660084626235403e+01 1.644569816643155491e+00
-1.000000000000000000e+00 2.700000000000000000e+01 -1.700000000000000000e+01
7.070843917583971461e+00 1.655348574654249205e+01 3.648602878916172187e+01
7.305379375146813459e+00 -8.759220108057320431e+00 4.392318534178998846e+01
3.630331753554500551e+00 -3.639681171908659962e+01 3.396122361051270389e+01
7.919954904171362386e+00 -4.854791431792558853e+01 8.579481397970681655e+00
6.458603491271816210e+00 -7.892069825436408337e+01 2.226957605985037958e+01
5.156693958840452296e+01 1.390528878070369956e+01 9.501438371321086152e+00
4.949688334817452073e+01 3.505788067675868547e+01 -8.751558325912739633e+00
5.281438026474128833e+01 3.310950661853189558e+01 6.740673886883271848e+00
3.871593838415591904e+01 3.455158755108456603e+01 3.514800377239861007e+01
9.708513828723752681e+00 2.962237587470843891e+01 4.735792235921358895e+01
4.024482448244825150e+01 -2.686318631863173323e+00 -2.397389738973899398e+00
3.810914051841746186e+01 1.200443383356071081e+01 -4.269440654843108973e+00
4.441025236593060299e+01 -7.907618296529969371e+01 1.628170347003154461e+01
2.104718750000000682e+01 -8.877187499999999432e+01 3.372812500000000568e+01
3.451404448774152911e+01 -4.699139470693293674e+01 -2.058905666504302445e+01
1.066056982061202518e+01 -6.632500879352795664e+01 -3.017235314808303315e+00
2.401814708691499334e+01 -1.355085959885386160e+01 -2.786700095510983743e+01
2.928944432046418456e+01 3.654173175630438664e+01 -1.831410399464405003e+01
4.814480997446295873e+01 -6.077031695959141189e+01 4.303830554303740996e+01
5.990473758140723248e+01 -2.976235474396628433e+01 3.729498148384625722e+01
2.566066767413106220e+01 -5.954952603379585696e+01 6.298804780876494647e+01
5.006039215686274702e+01 -1.996960784313725412e+01 5.394980392156861626e+01
4.726167741935483946e+01 -4.132903225806458636e+00 4.981638709677419286e+01
5.316474780701753389e+00 -5.955030153508772628e+01 4.655688048245613686e+01
3.574094401756312323e+00 3.941126966703257040e+01 -2.346505671423344097e+01
4.407651715039577311e+00 1.310949868073879543e+01 -1.156860158311346254e+01
4.926195028680689347e+01 -1.265105162523900617e+01 6.604206500956024684e+00
5.919453044375646300e+01 -4.571465428276567877e+00 -6.214525283797726729e+00
3.936369982547992663e+01 1.043944153577660927e+01 -1.946317626527050493e+01
6.086865079365080078e+01 -2.803531746031745797e+01 1.953650793650793105e+01
5.410660460992906451e+01 -3.036037234042552768e+01 -2.728003102836879634e+01
6.178793756349867294e+01 -2.359527108155536723e+01 -1.252683107047197097e+01
4.203263825929283826e+01 2.929737080689028517e+01 5.439709882139709407e-03
4.927600000000001046e+01 2.354266666666666197e+01 1.015333333333333599e+01
4.109283246977548743e+01 -2.563298791018998202e+01 2.000043177892918322e+01
2.086546913816167148e+01 -9.562927575004778191e+01 -1.629466845021980248e+00
3.189222118088098057e+01 1.056419868791002159e+01 -4.135426429240862234e+01
1.810994011976048057e+01 -6.304239520958083176e+01 7.286706586826340981e+00
3.971186440677965379e+01 -1.566905693176879311e+01 4.678835289004780407e+01
1.254319614386355397e+01 -3.681535038932146620e+01 5.129736744530958958e+01
3.137194641449960386e+01 2.391568163908590350e+01 -8.598896769109529714e+00
4.291317144959529628e+01 -7.326710816777037394e+00 -6.415378955114050541e+00
3.704547108039287195e+01 9.849399781738810589e+00 9.804292469989093206e+00
4.165752880413191406e+01 -1.764481525625744496e+01 -2.892967818831942850e+01
2.628459119496855578e+01 -7.817924528301887221e+01 -7.534591194968555783e+00
4.034240863379935149e+01 2.735344616139317964e+01 2.316335540838852580e+01
3.036919620569146616e+01 4.613255117324013099e+01 2.078207688467298908e+01
2.376662615037332671e+01 2.457909359263760507e+01 4.607379753429414393e+01
5.379366812227073069e+01 -4.194323144104804157e+01 3.967794759825326878e+01
3.361626461079333694e+01 -5.090823178313851827e+01 4.868316339219099120e+01
3.697662665824384476e+01 -7.952684775742261536e+01 8.965255843335441455e+00
3.060158531497705781e+01 -7.812891113892365524e+01 2.424697538589903445e+01
4.764650432050274276e+01 -6.369363707776905414e+01 5.133542812254518140e+00
4.559148749451514959e+01 -4.614611671785870328e+01 -1.534620447564721246e+01
2.852432824981845272e+01 -4.567392883079158139e+01 -1.170781893004115659e+01
4.242503259452411157e+01 4.491003911342895094e+01 -2.114732724902211203e+00
1.195214637579169903e+01 2.697536945812808540e+01 -1.922871217452497916e+01
2.530211249681852337e+01 4.072690251972511533e+01 -1.627946042249936198e+01
1.793120990931210201e+01 -6.631519575315195425e+01 2.847179827471798319e+01
5.816523061327927735e+00 -2.658388241256972151e+00 1.823669538773441445e+01
4.015265230484132530e+01 -2.955084549455639831e+01 4.886750057910586520e+01
4.484299781181618982e+01 7.293216630196923234e+00 3.158752735229759878e+01
2.990728196443691900e+01 -7.588060965283659698e+00 5.735012701100762911e+01
4.728317659352143210e+00 4.192894461859978605e+01 -1.691118077324973967e+01
9.825931800158599572e+00 -4.818358445678033775e+01 3.874662965900078859e+01
5.274544311753615489e+01 -1.353174104336895311e+01 -2.639534883720930480e+01
5.324142503536069171e+01 -3.042839462517680715e+01 4.916460396039610714e+00
5.320880681818181301e+01 -1.759659090909090651e+01 7.255681818181813014e+00
