-1.036395453600388805e+01 -8.410040543350197595e+01 1.622409730404044126e+00
-4.378398058252427205e+01 -6.680582524271844136e+01 1.195145631067961745e+01
-1.488216080402010277e+01 -8.057311557788943901e+01 3.221532663316583012e+01
-1.056890809610656845e+01 -8.233163508048528456e+01 4.062901435254929083e+00
-1.597599100939926586e+01 -8.619554556599918271e+01 7.972210870453622533e+00
-2.837514585764293429e+01 -8.697578763127188495e+01 -6.126021003495907280e-03
-3.034229098805646174e+01 -7.689657980456026110e+01 -1.287540716612377878e+01
-2.842844504211197432e+01 -2.036759501734022137e+01 5.463718239082737682e+01
-3.939708467623791677e+01 -2.229526809258716469e+01 5.281035745678289572e+01
-4.182425742574257299e+01 -6.825082508250829960e+00 5.154785478547854893e+01
-4.900951293759512595e+01 -4.516742770167354593e-01 4.059170471841704853e+01
-4.898161361141602299e+01 -1.512897914379806252e+00 5.019072447859494446e+01
-1.501540616246498416e+01 -9.160784313725490335e+01 2.824439775910363437e+01
-4.884923664122140963e+00 -3.657099236641221296e+01 2.111221374045801724e+01
-9.494167287168025382e+00 -7.225235790518738099e+01 3.679020848845867420e+01
-2.409813753581661899e+01 -8.707378223495702230e+01 2.961676217765042907e+01
-2.430388127853881031e+01 -7.526963470319634553e+01 3.745958904109589582e+01
-4.202120241236336540e+01 -6.142244628722201583e+01 -1.729070863173765815e+01
-2.629415011037526995e+01 -8.302814569536423051e+01 1.765286975717438622e+01
-3.978090332805071228e+01 -8.391164817749603344e+01 8.244453248811410617e+00
-4.577868391451068675e+01 -8.516957255343081101e+01 7.286276715410622273e-01
-4.370565217391304458e+01 -8.321086956521739353e+01 -1.101434782608695429e+01
-4.277216748768472598e+01 -6.995935960591133096e+01 1.445197044334975089e+01
-4.317227979274611727e+01 -2.535794473229707080e+01 1.232340241796200075e+01
-5.858393501805053916e+01 -4.722833935018050511e+01 2.543110709987966800e+01
-8.609526235354053370e+00 1.751371200543385953e+01 6.392931737137035952e+01
-6.298026315789471141e+00 -5.115789473684210975e+01 4.920855263157895365e+01
-6.108898305084746028e+01 -5.095208604954368070e+01 1.823239895697523139e+01
-4.206202651515155821e+00 -7.042140151515151558e+01 5.034043560606060908e+01
-4.284500339904823818e+00 -6.387848402447315266e+01 3.518405846363017986e+01
-1.260349383440986060e+01 -5.900190839694656120e+01 1.504242513211978860e+01
-2.888078470824950728e+00 -2.067806841046277100e+01 3.935865191146881159e+01
-3.363581730769226397e+00 -5.824699519230769340e+01 1.821334134615383959e+01
-3.043787253553418282e+00 -4.268076570380559076e+01 3.129745529573590090e+01
-9.407347204161254695e+00 -4.676040312093627449e+01 3.254193758127438230e+01
-6.284216046145772339e+00 -4.191727844782380430e+01 6.339971158888306491e+01
-1.370179063360880889e+01 -3.713934802571165505e+01 5.038177226813590437e+01
-1.144878296146045216e+01 -3.052687626774847729e+01 4.300828262339418018e+01
-1.477759381898454194e+01 -4.860651214128034781e+01 7.259326710816776540e+01
-5.885481852315393780e+00 -1.601257822277847254e+01 5.058979974968710280e+01
-8.302213393870601976e+00 -3.765607264472237148e-01 4.481015891032916443e+01
-2.040274803711633922e+01 -5.199125624553890646e+01 6.567719486081369951e+01
-5.931673905780158407e+00 4.134229869695957404e+00 5.960315736719010715e+01
-2.009836339345356748e+01 3.969438877755521844e+00 6.789028056112223908e+01
-6.945824461793236537e+00 -6.031730541755382546e+01 6.145806718713035366e+01
-1.481601941747572937e+01 -7.371116504854369111e+01 5.600825242718445907e+01
-3.745151451409339671e+01 -4.671087505258729777e+01 6.062757677745057094e+01
-3.085463618802317853e+01 -5.840292981326464883e+01 5.523229233741146516e+01
-2.282178065311151727e+01 -6.350477510782501156e+01 6.447458410351200087e+01
-2.485696517412935691e+01 -6.712810945273632512e+01 4.710074626865672087e+01
-4.702962347729789627e+01 -2.631810631229235753e+01 5.638477297895903462e+01
-3.886826484018264694e+01 -3.292016742770167070e+01 5.195700152207001565e+01
-3.528051493960585105e+01 -2.050969485060393538e+01 4.283391608391607974e+01
-3.379434121621621046e+01 -1.421621621621621046e+01 6.773437500000000000e+01
-1.073343538158758292e+01 -1.500869232451344715e+01 7.102618631095560886e+01
-5.950335215243472220e+01 3.787050105857446169e+00 3.190666901905433406e+01
-3.961538461538467004e+00 -2.244123931623931867e+00 4.037606837606837473e+01
-2.398250460405151330e+00 1.125920810313076004e+01 2.872145488029465810e+01
-5.386851015801354947e+00 1.830022573363430638e+01 3.098137697516929734e+01
-7.929197994987461584e+00 1.539536340852129115e+01 3.879594820384293996e+01
-6.136344359626804135e+00 4.196501272264632121e+01 -4.496819338422398005e+00
-8.040343074968234305e+00 4.247554002541295404e+01 2.495965692503176570e+01
-4.759222919937201368e+00 3.256828885400312856e+01 4.516620879120878840e+01
-1.127589928057554403e+01 5.039244604316547793e+01 -2.339208633093520007e+00
-6.034112149532717240e+00 5.164065420560748976e+01 -1.064439252336448760e+01
-3.749242424242424221e+01 3.153484848484848158e+01 -1.392272727272727195e+01
-3.833117890382627024e+01 1.658893485005171442e+01 5.227921406411581984e+01
-2.335066850176956166e+01 2.899596932756585943e+01 4.334653952025166745e+01
-6.037457296242067173e+00 5.514775500244022055e+01 2.426366520253782255e+01
-1.162184594953519934e+01 3.714729969012836364e+01 5.380046480743692427e+01
-1.989443462897526160e+01 4.730565371024735555e+01 3.847924028268550956e+01
-1.116316333563059970e+01 6.629583046175051209e+01 8.404376292212262456e+00
-4.370362268113405690e+01 1.181177808890444680e+01 3.770974798739936773e+01
-5.387862318840579690e+01 1.484118357487923845e+01 1.400966183574878698e+01
-5.060904463586530966e+01 2.556871574001564795e+01 3.220634299138609435e+00
-4.677078085642317262e+01 3.010012594458439139e+01 -9.957808564231740434e+00
-4.135626363353069479e+01 4.856380492365224200e+01 -1.190721408538485804e+01
-5.249079320113314395e+01 6.664069877242695839e+00 1.777407932011331582e+01
-4.100675675675675791e+01 1.085260260260261589e+01 2.638563563563563719e+01
-4.136342894393742142e+01 2.295632333767940736e+00 3.006421121251629813e+01
-4.880158069883527361e+01 2.090890183028287197e+01 2.285149750415973813e+01
-4.810146804835923717e+01 3.212161773172135781e+01 1.065328151986183514e+01
-4.719025545941491373e+01 2.889194478780387954e+01 2.599145035022661432e+01
-3.840568557618926349e+01 3.785264563724243203e+01 3.292069447977614516e+01
-4.000723412251033295e+01 5.163970311912814282e+01 9.172773393461099545e+00
-2.944874715261958897e+01 4.585791571753986773e+01 2.346355353075171024e+01
-2.172691334598356150e+01 5.756277672359266262e+01 2.415259329538267252e+01
-4.007095158597664408e+00 5.291193656093489039e+01 -1.783430717863105031e+01
-2.647813688212927730e+01 5.974201520912546926e+01 -6.898669201520917227e+00
-1.277209131075110804e+01 6.228313696612664785e+01 -1.624852724594992281e+01
-2.593619740464018264e+01 4.947611089264648854e+01 -1.547139205662602990e+01
-2.330425032037591393e+01 3.007827851345578551e+01 -1.988648013669372006e+01
-1.082869865503452900e+01 3.353898582333695799e+01 -2.450517993456924870e+01
-3.452327823691459940e+01 2.211336088154268964e+01 -1.915468319559228405e+01
-3.007446043165467131e+01 -5.544352517985610973e+01 4.289964028776978466e+01
-2.536037234042552768e+01 -4.931848404255305240e+00 5.556183510638297207e+01
-2.957646276595744439e+01 5.227393617021277805e+00 5.674800531914894464e+01
-2.230872193436960060e+01 2.415155440414508803e+01 5.629663212435232822e+01
-5.638313313313313557e+01 -3.365865865865771411e-01 9.476726726726724337e+00
-5.922332421340629338e+01 -1.348461012311901186e+01 1.531497948016415478e+01
-4.694964349376114399e+01 -2.238012477718359605e+01 1.914215686274509665e+01
-4.046013412816691357e+01 -1.724329359165425046e+01 1.902123695976155204e+01
-3.800161987041036582e+01 -2.236123110151187632e+01 1.937904967602591455e+00
-4.018464858199753564e+01 -3.552188655980270937e+01 2.024321824907521261e+01
-5.040590405904058713e+01 -3.230904059040589971e+01 2.174630996309963393e+01
-4.049084003574620283e+01 -2.928731009830215726e+00 -2.904378909747151738e-03
-5.036752577319587942e+01 -1.737113402061822853e-01 -5.478865979381438933e+00
-4.149167171411266253e+01 1.277755905511810397e+01 5.691853422168378529e+00
-3.628790271636133724e+01 1.119630448515476928e+01 3.326121288692363009e+00
-3.203895027624309932e+01 6.381491712707173747e+00 -1.767983425414364973e+01
-3.086079219288174613e+01 2.540269804822042943e+01 -2.488805970149257973e+00
-3.542083946980854137e+01 1.434499263622976173e+01 -1.043851251840942496e+01
-4.988750000000000284e+01 1.658928571428560872e+00 4.569642857142852677e+00
-3.599497991967871258e+01 2.137550200803218559e+00 1.344277108433735179e+01
-4.241283524904214630e+01 -4.953065134099603029e+00 1.479980842911876948e+01
-5.639276729559748702e+01 -2.575377358490565882e+01 3.653301886792452535e+01
-3.978516174402250272e+01 -3.901371308016877038e+01 4.227672292545710775e+01
-2.293984812150279140e+01 -1.364608313349320667e+01 -3.166806554756195169e+01
-1.692813540510543646e+01 -3.429938956714761389e+01 -1.386043285238623923e+01
-1.191666666666667140e+01 -3.975000000000000000e+01 -2.916666666666671404e+00
-2.206854838709676869e+01 -5.701075268817204744e+01 4.690860215053760385e+00
-3.113558644934484221e+01 -9.588926174496648969e+00 -3.360282837967401548e+01
-5.085345821325648075e+01 1.292146974063399512e+01 -1.666959654178674555e+01
-5.270952197378566240e+01 -2.600366229760986414e+01 9.005975327679266229e+00
-6.298324742268041376e+01 -1.521176975945017773e+01 -1.100515463917531633e+00
-2.334936908517350673e+01 -3.771924290220820808e+01 -1.463801261829652844e+01
-3.183983050847457719e+01 -3.793101694915253574e+01 -1.773067796610169466e+01
-5.480822550831793194e+01 -4.146796056685161602e+00 -1.159565619223659638e+01
-5.278835021707669739e+01 -3.263856729377712895e+01 1.134949348769893618e+00
-5.488978201634877507e+01 -3.485517711171662825e+01 -3.435831062670303027e+00
-3.819212869283690992e+01 1.230503844597328111e+01 -3.447271684877917153e+01
-5.977543720190779197e+01 -5.224562798092222238e+00 -2.311512983571807212e+01
-6.177260869565217405e+01 -4.821347826086956445e+01 -8.696304347826085746e+00
-5.727518551832696403e+01 -2.438323588936361830e+01 -2.770086575219249170e+01
-4.239422501496110129e+01 -2.200972471573908251e+01 -3.000523638539796423e+01
-4.939131607335490770e+01 -4.342349874145990896e+01 -2.050566343042071082e+01
-5.839175357280803524e+01 -6.064609887987640491e+01 3.228949401313244039e+00
-4.598449131513647359e+01 -6.514660876757650954e+01 -5.342224979321755995e+00
-5.416764705882352615e+01 -4.632024221453286827e+01 1.026003460207611795e+01
-5.199336283185840557e+01 -6.236303298471439405e+01 1.578378921962992365e+01
-4.597455902306648312e+01 -7.267401628222523868e+01 2.070115332428765953e+01
-1.763788870703764644e+01 -7.429009819967266992e+01 3.631055646481178201e+01
-3.869778987828315309e+01 -8.543289557975657544e+01 2.308888532991672093e+01
-4.094907735982966557e+01 -4.880039034776437745e+01 4.337526614620297494e+01
-3.025800711743772808e+01 -7.063256227758006389e+01 3.910231316725977990e+01
-3.084469240048251493e+01 -7.907569360675512371e+01 2.427231604342581761e+01
-6.296147540983606206e+01 -2.373606557377048887e+01 2.403278688524589768e+01
-6.030597512216792211e+01 -3.727820968458462403e+01 3.790526432696579207e+01
-4.951604231703087322e+01 -5.804830038154699423e+01 4.489516129032257652e+01
-4.654554531490015279e+01 -6.401082949308755587e+01 2.754201228878648067e+01
-3.919064986737400602e+01 -7.807095490716180564e+01 3.899038461538461320e+01
-2.178363914373088051e+01 -8.618883792048930559e+01 4.272247706422018609e+01
-1.866189427312775706e+01 -5.594162995594713550e+01 -5.522026431718060735e+00
-2.772187499999999716e+01 -6.269687500000000568e+01 -1.121406249999999716e+01
-3.192342342342342931e+01 -3.744819819819819884e+01 -1.178153153153153454e+01
-4.926101928374655614e+01 -7.711776859504132631e+01 7.835399449035818975e+00
-4.582532751091702750e+01 -6.869213973799126904e+01 5.620087336244537823e+00
-3.564999999999999858e+01 -8.884571428571427987e+01 1.127285714285714846e+01
-4.120949367088607573e+01 -7.717278481012658631e+01 1.515506329113924266e+01
-2.733747514910537291e+01 -5.482355864811133017e+01 -6.411033797216703078e+00
-8.700000000000002842e+00 -5.343229166666667140e+01 3.464687499999999432e+01
-4.678950307091014338e+00 -3.774553322166387659e+01 4.355792853154662225e+01
-3.103338762214983149e+01 -5.323588490770900705e+01 -1.734066232356134662e+01
-4.275012444001987433e+00 2.393790443006471946e+01 -1.475622200099552117e+01
-7.536610878661093693e+00 3.566213389121338651e+01 -1.506589958158996012e+01
-1.439716981132075091e+01 1.435641509433961005e+01 -2.088924528301886596e+01
-3.919017094017093683e+01 -1.218278943278943416e+01 -2.267094017094024139e+00
-3.559035087719298218e+01 -1.617982456140350678e+01 1.598684210526316463e+01
-3.541052631578947540e+01 2.675000000000000000e+01 5.168421052631572365e+00
-2.407074408117249220e+01 6.292023675310034037e+01 2.393179255918823856e+00
-4.563447971781305057e+01 4.307951205173426956e+01 9.857436801881220845e-01
-3.730673758865248146e+01 -1.312217923920059093e+00 -4.445825274016763728e+01
-4.438879781420764914e+01 -1.770628415300546976e+01 4.348907103825141007e+00
-4.529870624048706418e+01 -2.743493150684930981e+01 9.052891933028917038e+00
-6.331973947895791355e+01 -2.357404809619238506e+01 9.170040080160319462e+00
-5.163795003673769202e+01 -7.799228508449672859e+00 -1.696565025716385122e+01
-6.413602654176423812e+01 -2.612939110070257698e+01 -1.495530835284933602e+01
-4.394744318181817988e+01 -4.144886363636373972e+00 -1.357244318181817988e+01
-7.680207587687903015e+00 3.063224767358624945e+01 2.865479599141016820e+01
-5.170354826402132176e+00 3.885930942388401377e+01 1.387399847386494400e+01
1.244857482185273057e+01 -8.039251781472684399e+01 4.057244655581953907e+00
4.803376068376067565e+01 -6.423717948717948900e+01 7.262820512820510999e+00
1.791090985678179948e+01 -7.695134793597304679e+01 3.102969671440607158e+01
1.226518889745567265e+01 -7.928616037008481499e+01 6.877987663839633115e+00
1.742196558818028507e+01 -8.524111651393303646e+01 8.912521039835425540e+00
3.075399068839374195e+01 -8.488335550382441852e+01 -1.163202527435984734e+00
3.043438914027149167e+01 -7.526131221719457187e+01 -1.187895927601810087e+01
2.977963938745266148e+01 -1.715293100609254395e+01 5.520726988308908290e+01
4.014392857142857451e+01 -1.937000000000000455e+01 5.100249999999999773e+01
4.480250205086136361e+01 -2.431706316652991973e+00 5.170159967186218353e+01
4.748927038626609942e+01 2.607296137339062625e+00 3.713626609442060555e+01
5.035502838605029297e+01 1.992903487429032339e+00 4.707927818329278580e+01
1.676007705986958740e+01 -8.918212803793716148e+01 3.094739181979845455e+01
5.562176165803109029e+00 -3.643782383419689097e+01 2.156347150259067291e+01
1.200904421616793627e+01 -7.026585529254131757e+01 3.821538633318445477e+01
2.828285543608124897e+01 -8.439516129032259073e+01 3.116218637992831475e+01
2.732916666666666572e+01 -7.273499999999999943e+01 3.984000000000000341e+01
4.082234314980794920e+01 -5.346030729833546502e+01 -1.919622279129321640e+01
2.971237623762375790e+01 -7.721336633663366911e+01 2.085495049504950771e+01
3.969767441860466306e+01 -8.023255813953488769e+01 4.844961240310084349e+00
4.459444444444443434e+01 -8.345085470085470547e+01 -8.363247863247806890e-01
4.278380782918148384e+01 -8.054537366548042598e+01 -1.187900355871886404e+01
5.198973727422003321e+01 -6.962520525451560616e+01 1.079597701149425859e+01
4.271813725490196134e+01 -2.167401960784313530e+01 1.139950980392157476e+01
6.396261073475767489e+01 -3.571873371547681586e+01 2.743785825951016477e+01
8.827118214104515914e+00 1.700748351090817323e+01 6.540499746321663110e+01
5.503499695678641501e+00 -5.224726110772975574e+01 5.121804625684723078e+01
6.003563626433643208e+01 -4.402525942108137258e+01 2.040592572364828072e+01
5.241646778042962751e+00 -6.845525059665871481e+01 5.084427207637232016e+01
4.522998014559888702e+00 -6.251042356055592109e+01 3.446475843812045525e+01
1.398373983739837456e+01 -5.706504065040650175e+01 1.740548780487804947e+01
3.470371804802482529e+00 -2.113342370255615776e+01 3.942467079783114059e+01
4.364253393665151748e+00 -5.501470588235294201e+01 1.883823529411765207e+01
3.488699007717755762e+00 -4.071141124586549154e+01 3.310832414553472347e+01
9.127336448598128982e+00 -4.298014018691588944e+01 3.475700934579438695e+01
5.431855840927923396e+00 -3.923632974316487321e+01 6.587841756420877459e+01
1.207722513089005645e+01 -4.025850785340314530e+01 5.500785340314136818e+01
1.125159948816379085e+01 -3.303406909788867551e+01 4.411532309660908879e+01
1.405382436260623535e+01 -4.755099150141643349e+01 7.455099150141643349e+01
6.350089365504913985e+00 -1.625044682752456993e+01 5.314454870420017585e+01
9.127153218495010378e+00 -2.558703535811417851e+00 4.675725294650952435e+01
2.397064662507089849e+01 -5.169951786727169463e+01 6.866832104367554734e+01
6.105520127540856379e+00 4.079812674372249148e+00 6.131237544838580789e+01
2.102052176802924066e+01 5.251661681621811795e+00 6.720696244599534452e+01
9.016784452296818131e+00 -6.045082449941106972e+01 6.213221436984687784e+01
1.242137809187279629e+01 -7.309746760895171747e+01 5.692432273262662079e+01
3.642088607594936889e+01 -4.730082470272343187e+01 6.141820099731492633e+01
2.834354226020892042e+01 -5.736918328584995663e+01 5.383736942070275688e+01
2.182638888888888573e+01 -6.362586805555555713e+01 6.331336805555554292e+01
2.566491985203452941e+01 -6.812916152897656730e+01 5.087330456226879960e+01
4.899934005279578741e+01 -2.115100791936644953e+01 5.473632109431245851e+01
3.849877783813144561e+01 -3.023723519826181416e+01 5.233310700706138618e+01
3.262548138639280637e+01 -1.994191270860076770e+01 4.698555840821566676e+01
3.800440414507772857e+01 -1.132046632124352925e+01 6.474740932642487223e+01
1.738914521612433361e+01 -1.176311316172899524e+01 6.937360369111218006e+01
5.951385421867198033e+01 6.688841737393914855e+00 3.060971043434847161e+01
4.364678899082562680e+00 -2.137614678899069531e+00 4.056116207951070862e+01
3.387482900136802755e+00 1.495314637482900366e+01 2.686080711354308903e+01
4.366634799235185938e+00 1.949091778202677006e+01 3.213814531548757714e+01
9.031569965870303918e+00 1.462116040955632457e+01 4.019112627986348230e+01
-5.000000000000000000e-01 3.325000000000000000e+01 -6.575000000000002842e+00
7.219942196531789591e+00 3.942861271676301271e+01 2.699104046242774757e+01
4.865793079821855827e+00 3.065184994861255063e+01 4.743653648509763343e+01
-5.000000000000000000e-01 4.325000000000000000e+01 -1.275000000000000000e+01
-5.000000000000000000e-01 4.525000000000000000e+01 -1.175000000000000000e+01
3.373573281452658534e+01 3.257166018158235943e+01 -1.588294422827496533e+01
3.982491364421414914e+01 1.882016407599309105e+01 4.909974093264249007e+01
2.398365724381625341e+01 3.060512367491165264e+01 4.231360424028268596e+01
6.743400791904974767e+00 5.509007919049713564e+01 2.094687637483501419e+01
1.320967953769371661e+01 4.190747307591280446e+01 4.951175466246388623e+01
2.063260179799047478e+01 5.093588048651506028e+01 3.419315177154943797e+01
9.500000000000000000e+00 6.784716981132075375e+01 5.073113207547166326e+00
3.956847133757960933e+01 1.815309372156505674e+01 3.671496815286624837e+01
5.343095712861415336e+01 1.897781655034896175e+01 1.259097706879362022e+01
5.038198118753675203e+01 2.657921810699588150e+01 3.371399176954739119e+00
4.523400000000000887e+01 3.328200000000001069e+01 -1.370133333333333070e+01
3.927214285714285325e+01 5.176821428571429351e+01 -8.549999999999997158e+00
5.219514925373132996e+01 1.002537313432836186e+01 1.333097014925373003e+01
4.436234567901234982e+01 1.660185185185184764e+01 2.555864197530864601e+01
3.860614849187933828e+01 7.491299303944316534e+00 2.717459396751739575e+01
4.772240377632533637e+01 2.869299201161945234e+01 1.892864923747276862e+01
4.999172335600906081e+01 3.613299319727892112e+01 3.710997732426307039e+00
4.747749099639855785e+01 3.094897959183674629e+01 2.721248499399760590e+01
3.677531259530343277e+01 3.989897834705703872e+01 3.074359560841719485e+01
3.972247706422018609e+01 5.266371778069026277e+01 1.013488422892092444e+01
2.925714077528417079e+01 4.934180996793938334e+01 2.347427863596618636e+01
1.927009345794392914e+01 6.232710280373831324e+01 1.986168224299065344e+01
-5.000000000000000000e-01 2.725000000000000000e+01 -2.437500000000000000e+01
2.509744027303754876e+01 6.227457337883959099e+01 -8.503924914675771163e+00
1.248928571428571388e+01 6.323214285714286120e+01 -1.640816326530612201e+01
2.570719844357977024e+01 4.819130998702982538e+01 -1.624448767833981577e+01
2.014066339066339140e+01 2.898218673218673302e+01 -2.026064701064701268e+01
-5.000000000000000000e-01 2.317857142857141639e+01 -2.396428571428571530e+01
3.128792361484670437e+01 2.243181818181818699e+01 -1.962224314147390913e+01
3.119982078853047369e+01 -5.446505376344086358e+01 4.513888888888888573e+01
2.693793418647166504e+01 -2.145246800731257508e+00 5.346188299817184486e+01
3.298572639909554027e+01 8.112068965517238439e+00 5.807108535895986279e+01
2.047215843857634354e+01 2.204104477611940638e+01 5.911796785304247237e+01
5.570139911634757368e+01 7.986008836524263188e-01 9.749263622974964960e+00
5.667201559688061252e+01 -1.119511097780443265e+01 1.416991601679663404e+01
4.198440134907249899e+01 -1.971964586846543455e+01 1.918676222596964465e+01
3.868442622950820464e+01 -1.357172131147541450e+01 1.845286885245901942e+01
3.823726114649682017e+01 -2.059394904458598319e+01 2.657643312101910738e+00
4.118804034582132090e+01 -3.081628242074927471e+01 1.975720461095100688e+01
4.702060270602706282e+01 -2.775615006150061959e+01 2.283856088560885667e+01
4.104006342494713522e+01 -1.323361522198723605e+00 -3.265327695560245047e-01
5.064983164983163988e+01 1.111111111111114269e+00 -5.577441077441079642e+00
3.870143706640237724e+01 1.514098116947471340e+01 7.443756194251733405e+00
3.689003164556962133e+01 1.232120253164558221e+01 3.016613924050631113e+00
3.320903954802258795e+01 8.545197740112996598e+00 -1.835593220338983400e+01
3.267650103519667937e+01 2.625000000000000000e+01 -3.340062111801245237e+00
3.507117310443490510e+01 1.676716738197424661e+01 -1.048891273247496514e+01
4.617549923195085171e+01 4.638632872503848148e+00 5.743855606758828003e+00
3.470601173020529018e+01 8.012463343108493063e+00 1.209310850439882756e+01
4.045631067961164717e+01 -1.912621359223294348e+00 1.555097087378641163e+01
5.622141896435778108e+01 -2.032431069266981183e+01 3.727790854068594228e+01
3.867822677925209973e+01 -3.867098914354643568e+01 4.444601930036188264e+01
2.196528525296017165e+01 -1.630758880516684428e+01 -2.979144241119483638e+01
1.653330658105939222e+01 -3.439205457463884841e+01 -1.077808988764044784e+01
1.321153846153846700e+01 -3.913461538461538680e+01 -2.019230769230773603e+00
2.201038781163434521e+01 -5.028601108033241474e+01 3.033933518005540009e+00
3.015577563865235788e+01 -9.921047760088853806e+00 -3.432960014809329863e+01
5.016217063989961389e+01 1.520043914680050534e+01 -1.903168130489334686e+01
5.579155844155843624e+01 -1.891969696969697168e+01 8.968181818181818699e+00
6.239120290356032683e+01 -1.414578292430003614e+01 -1.887054960248875091e+00
2.232861060329067016e+01 -3.580667276051188708e+01 -1.532678244972577630e+01
3.347333848531684453e+01 -3.729250386398763339e+01 -1.490069551777434498e+01
5.312557959814529340e+01 -6.531427099433244621e-01 -1.485175167439464161e+01
4.924871134020619934e+01 -2.793621134020618513e+01 -1.114046391752580689e+00
5.735777777777778397e+01 -2.970555555555554861e+01 -4.142777777777780557e+00
3.596915444348576330e+01 1.426984469370145803e+01 -3.573274374460741853e+01
5.887770772712576672e+01 -5.747655997413403384e-01 -2.616820239249918956e+01
6.176427568453078720e+01 -4.281108120758248958e+01 -1.213228410952492453e+01
5.518058443058441753e+01 -1.810758835758835517e+01 -3.015297990297990083e+01
4.139750957854406010e+01 -2.007272325375774358e+01 -3.001392572944297399e+01
4.830426176059617660e+01 -3.740859338612017382e+01 -2.153318584070796504e+01
6.032077435470441173e+01 -5.289029975020815755e+01 -4.623022481265607553e+00
4.791291585127200392e+01 -6.263160469667319319e+01 -9.515166340508805831e+00
5.449825174825176077e+01 -4.399615384615384528e+01 1.231853146853147507e+01
5.406372549019607732e+01 -5.599667931688804856e+01 8.485610373181529553e+00
4.651398210290827251e+01 -6.206096196868008974e+01 1.823657718120804816e+01
2.022764095917044358e+01 -7.113431626701230925e+01 3.650178224238496227e+01
4.458531960996748467e+01 -7.768752257132538830e+01 2.548167208378475834e+01
4.321243617797227898e+01 -4.178355215171407622e+01 4.625692924872356571e+01
3.410836734693876338e+01 -6.714591836734693686e+01 4.190020408163265131e+01
3.413036117381489021e+01 -7.470033860045145957e+01 2.749379232505643245e+01
6.199098360655736428e+01 -1.914754098360656087e+01 2.340409836065573757e+01
6.076220657276994075e+01 -2.857034428794992209e+01 3.712527386541471230e+01
5.262481638648603166e+01 -4.801195527990860512e+01 4.654859637669332528e+01
5.117349397590362514e+01 -5.960451807228915300e+01 2.878674698795180120e+01
4.458025969138125788e+01 -6.862692886714339124e+01 4.213991343620624264e+01
2.423688524590163240e+01 -8.438606557377049455e+01 4.351229508196720985e+01
1.816553398058252355e+01 -5.459271844660193551e+01 -6.376213592233014538e+00
2.749594594594594810e+01 -6.111756756756756204e+01 -9.429729729729729115e+00
3.113812785388128646e+01 -3.528196347031963853e+01 -1.287100456621004696e+01
5.017153493699885303e+01 -7.418069873997708896e+01 -2.362542955326460969e-01
5.002332242225858749e+01 -6.307815057283141869e+01 1.421031096563012852e+00
3.786700844390833254e+01 -8.350030156815441273e+01 1.210343787696020001e+01
4.352718120805369040e+01 -7.429362416107382217e+01 1.324932885906039814e+01
2.718525741029641551e+01 -5.402145085803432778e+01 -6.627535101404049556e+00
1.104812606473593917e+01 -5.236328790459965887e+01 3.575340715502555611e+01
6.678571428571430602e+00 -4.139160401002506262e+01 4.274624060150375726e+01
2.897539682539682815e+01 -4.827380952380951840e+01 -1.760343915343915455e+01
-5.000000000000000000e-01 2.318478260869565588e+01 -1.853260869565217206e+01
-5.000000000000000000e-01 3.789516129032259073e+01 -1.608870967741935232e+01
1.315063492063491424e+01 1.545190476190475692e+01 -1.991666666666666430e+01
3.927380952380951840e+01 -9.349999999999994316e+00 -4.627489177489181316e+00
3.655669144981413865e+01 -1.294702602230482569e+01 1.411431226765799352e+01
3.699032042723632685e+01 2.755040053404539435e+01 4.831441922563413982e+00
2.429188034188034351e+01 6.099643874643874142e+01 3.751709401709405256e+00
4.639924346629985052e+01 4.429126547455294372e+01 -4.291265474552957926e+00
3.520703006377164002e+01 -1.209155784998472427e+00 -4.519351655025812420e+01
4.540606936416185135e+01 -1.602601156069364663e+01 4.697976878612720952e+00
4.675763358778627321e+01 -2.513320610687023304e+01 1.074389312977099564e+01
6.440990504963315288e+01 -1.549104445403538932e+01 6.570025895554593376e+00
5.414915966386553237e+01 -8.573529411764710062e+00 -1.690966386554622147e+01
6.444461778471139723e+01 -2.245787831513260357e+01 -1.645748829953198111e+01
4.423837209302325846e+01 -3.335499316005467563e+00 -1.272332421340629338e+01
9.498049052396879688e+00 2.860785953177256147e+01 3.050139353400223285e+01
4.540288529204786983e+00 3.796006333567910929e+01 1.540657987332863854e+01
-2.448406697634511886e+01 -6.291741405082211713e+01 -3.683932078532311749e+01
-1.149679443146952451e+01 -1.922969043366762776e+01 6.669631817557359454e+00
-1.293590408968238137e+01 9.588800083039245692e+00 9.577901183309109001e+00
-2.635177460943424421e+01 4.133171545589675588e-03 1.759062642196198567e-01
-2.057312925170067786e+01 -5.126039304610742420e+00 -1.161186696900983861e+00
-2.540449290593799958e+01 -2.246378525135750692e+01 -1.429799439481520551e+01
-2.299617737003057982e+01 -5.069571865443435854e+00 -1.966539245667686231e+01
-8.521477663230243138e+00 9.993986254295521121e+00 -8.447594501718214133e+00
-1.053106887146266502e+01 -1.548781111489941509e+01 -1.056733719740879707e+01
-5.000000000000000000e-01 -5.572687861271676013e+01 -4.802456647398844325e+01
1.125093753083983472e+01 -1.752795322214547014e+01 6.882241192144476827e+00
1.304864724245577179e+01 1.100920915712799797e+01 9.626170655567122481e+00
2.634250410631625527e+01 2.011385695087341219e+00 -2.747872181573853823e-01
2.101383138878433954e+01 -3.785754610462930714e+00 -1.032461422657135586e+00
2.609407680438881982e+01 -2.139443682496143140e+01 -1.408730498885650917e+01
2.323999999999999488e+01 -3.735000000000013642e+00 -1.983636363636363598e+01
7.929282868525902472e+00 1.138147410358564571e+01 -7.499667994687911232e+00
1.055253123478824762e+01 -1.465524095408080996e+01 -1.015475417815999037e+01
-6.083886808450500894e+00 -3.095130007772203840e+01 -3.307643255846816999e+01
