-2.440642428142427889e+01 -6.191204150579150678e+01 -3.662557646932646804e+01
-1.150018321729571369e+01 -1.845822645657750627e+01 7.141168926346651347e+00
-1.273515009580583524e+01 1.040195869704066922e+01 9.836491377474985143e+00
-2.596036489462095176e+01 1.351368354828565543e+00 1.748977665932613945e-01
-2.047783621337340776e+01 -4.457926371149511624e+00 -8.174305033809190491e-01
-6.058956091887182538e+00 -3.044344286129688726e+01 -3.316363768537365786e+01
-2.520571804140651295e+01 -2.182254354255668716e+01 -1.364360828130135417e+01
-2.285378973105135003e+01 -4.459657701711492450e+00 -1.927041564792175876e+01
-8.339312406576979697e+00 1.146188340807174200e+01 -7.768310911808669061e+00
-1.023720630833601319e+01 -1.478097843579014636e+01 -1.010588992597361369e+01
2.479271562152618458e+01 -6.153569607009742981e+01 -3.670357679984306287e+01
1.161273313153012054e+01 -1.687569573283859370e+01 7.132701884581578611e+00
1.328660826032540854e+01 1.179995828118481427e+01 9.694201084689197501e+00
2.656743041673074401e+01 3.172689527910193874e+00 -3.935106873750555678e-01
2.127140612725844449e+01 -2.800471327572665814e+00 -9.399057344854639950e-01
2.653361847733104639e+01 -2.072027373823780749e+01 -1.379213002566295643e+01
2.327878006872852268e+01 -3.047250859106526377e+00 -1.962714776632302716e+01
8.521847690387019725e+00 1.262921348314606007e+01 -7.151061173533079796e+00
1.059584186486060275e+01 -1.421089935422901362e+01 -1.017498818711608521e+01
-5.339756532066508043e+01 -4.579423990498811747e+01 8.515142517814723533e+00
-4.973120728929387724e+00 2.123599088838270177e+01 2.703189066059225354e+01
-3.674404027949034202e+01 1.122297575010276205e+01 4.934001233045623280e+01
-6.846679081315954818e+00 -7.828739913097454917e+01 2.171384233395406227e+01
-2.420129870129869687e+01 -4.779220779220779036e+00 -3.282467532467532578e+01
-3.490554870530209541e+01 -4.413349773941635590e+01 -2.064200575421290296e+01
-4.060552268244575913e+01 -7.056233421750663126e+01 3.303631911854724024e+01
-5.056490037085926303e+01 -3.153912879502168209e+01 -2.486919353824878698e+01
-6.529188558085223804e+00 -4.538412142440164132e+01 1.977320490367776529e+01
-3.096147730557964906e+01 -8.863045677941602207e+01 1.672448684590918333e+00
-2.435954097116844252e+01 3.197145295902882367e+01 -1.802959028831563160e+01
-1.415418613461295649e+01 -6.735004419749968463e+01 -4.748453087511052217e+00
-5.935648896068926206e+00 3.453931071620894500e+01 -1.712735595045772641e+01
-5.795826158826365315e+01 -2.183738549486879776e+01 -1.493229561264549687e+01
-2.394569839712136172e+01 -3.040170101406607728e+01 -1.863591756624141027e+01
-6.365271728839232424e+00 -2.835845483809885081e+01 5.875932588524901234e+01
-4.772817428060478306e+01 1.550837262233784486e+01 1.442659730125183160e+01
-4.320521541950113686e+01 4.139909297052153647e+01 -1.297987528344671659e+01
-4.724546304957904397e+01 3.171487371375116027e+01 3.120673526660425523e+00
-1.209128787878788103e+01 -8.011666666666667425e+01 6.467045454545456096e+00
-4.662834932186569858e+01 -2.226695335759180239e+01 4.424892490903076236e+01
-5.396387832699616638e+00 -1.809220532319392305e+01 3.902614068441064887e+01
-4.305403462529204006e+01 -6.965075181213677524e+00 4.254927215000299157e+01
-8.467257583861851344e+00 -5.901192022617864552e+01 3.899128906548483542e+01
-4.612650433809122319e+00 3.628575426812201954e+01 -7.903722362160578996e-01
-3.350279730311289939e+01 4.639257877875004965e+01 1.783947783675226617e+01
-1.128868552412644988e+01 3.046520167536863255e+01 4.395478799701646722e+01
-2.347157975125463736e+01 -6.413031856862316715e+01 5.199874536329915031e+01
-5.372980147099485748e+01 -1.154548470939556637e+01 -3.700215672178288173e+00
-5.502214201429860196e+01 -3.935781217463733128e+01 3.511473589227459513e+01
-7.600335852225015287e+00 6.747607052896725577e+01 -1.020319059613770207e+01
-2.846723182262797991e+01 1.366123247473100832e+01 -3.703880013042060426e+01
-4.480609073958980559e+01 -2.155500310752019288e+01 9.389061528899944165e+00
-3.604430064708810022e+01 8.967645594823352440e-01 -4.175211548033814779e-01
5.435591814159292312e+01 -4.031692477876106295e+01 9.907356194690265738e+00
5.119630812921542429e+00 2.247284345047924603e+01 2.741462548810791588e+01
3.684884792626726835e+01 1.401966205837172197e+01 4.938894009216589609e+01
8.293982544786402400e+00 -7.826917776757005640e+01 2.276182820395038675e+01
2.382252388134740784e+01 -4.823529411764710062e+00 -3.372800402212166659e+01
3.399211931192272118e+01 -3.766155410558427263e+01 -2.286560460977883480e+01
4.633816008734126513e+01 -6.307378038269263243e+01 3.269166235706487100e+01
5.051963177348488898e+01 -2.711786038077968897e+01 -2.718383429806820573e+01
7.688529244747300595e+00 -4.368313458262350935e+01 2.011130039750142373e+01
3.509221507730194389e+01 -8.391161581611711995e+01 8.458065398823322312e-01
2.358775710088148969e+01 3.215582761998041406e+01 -1.829040156709108800e+01
1.448061104582843939e+01 -6.548108108108108638e+01 -3.463572267920099534e+00
-1.000000000000000000e+00 2.700000000000000000e+01 -1.700000000000000000e+01
5.799606643356642621e+01 -1.982498751248751034e+01 -1.569517982017981694e+01
2.507764198418404078e+01 -2.898562185478073161e+01 -1.888425593098489941e+01
7.240244969378821338e+00 -2.609606299212597946e+01 5.874033245844270823e+01
4.845660237388725022e+01 1.606008902077149969e+01 1.334384272997033349e+01
4.311352447147407929e+01 4.251752099623516301e+01 -1.337677381986678427e+01
4.907252506265663783e+01 3.237045739348371853e+01 4.812030075187976763e+00
1.327056737588652879e+01 -7.805602836879432971e+01 8.123404255319144340e+00
4.743249317707497426e+01 -1.878246909616311200e+01 4.382693851340503954e+01
5.846153846153839595e+00 -1.645428156748911874e+01 3.915135807588637817e+01
4.428920433776045229e+01 -4.543986840502014957e+00 4.276501766784451775e+01
1.029499684232685297e+01 -5.770963441162024310e+01 3.868114518279419656e+01
4.951359084406291799e+00 3.720028612303289606e+01 1.940987124463518398e+00
3.446789919058130636e+01 4.787601177336276237e+01 1.653233075791023055e+01
1.190999999999999659e+01 3.174030487804878931e+01 4.347411585365853171e+01
2.516049736419894600e+01 -6.303925051570020344e+01 5.329440751776300544e+01
5.466973060469419465e+01 -6.946583420048554558e+00 -5.236963810845182365e+00
5.591828069129917367e+01 -3.096677592371871413e+01 3.597683253873658771e+01
8.367959034381854622e+00 6.715727871250913950e+01 -1.315508412582296671e+01
2.828962962962962990e+01 1.505000000000001137e+01 -3.505666666666666487e+01
4.568185516680227920e+01 -1.785353946297803418e+01 8.748576078112293430e+00
3.485538959185615226e+01 3.414898677575877173e+00 -2.536295309675580256e+00
